50
15 8 16 6 75 1 41.25 26.33
16 19 8 12 62 1 54.60 29.49
1 20 3 11 2 95 3.72 93.64
51 6 1 10 50 1 30.96 48.41
8 18 2 4 3 81 21.71 66.84
1 26 19 54 16 4 19.00 69.86
3 6 44 11 12 14 39.23 52.61
21 2 17 38 12 16 17.71 98.54
1 35 41 49 8 11 49.13 56.07
85 20 10 28 34 25 96.44 94.58
46 57 1 6 20 39 93.47 62.41
2 53 7 14 7 4 80.95 35.49
50 24 1 41 6 18 61.60 68.51
21 8 2 21 8 6 41.53 78.21
18 61 1 8 68 7 39.05 57.26
50 7 1 8 70 1 13.15 20.74
41 15 12 26 39 14 60.51 97.64
47 17 3 53 3 12 81.47 67.30
7 19 9 4 14 33 53.74 93.64
30 5 35 37 3 42 69.11 86.45
4 87 2 19 15 9 20.92 30.79
12 6 1 7 1 59 13.23 70.62
85 2 2 2 53 1 50.95 21.47
65 2 9 4 39 38 16.44 44.81
18 21 9 16 4 63 57.38 83.64
1 3 63 49 1 12 22.67 61.59
1 42 4 1 18 39 25.15 98.60
6 47 12 16 4 28 78.24 49.98
12 24 8 15 9 1 65.48 13.36
18 4 28 28 31 1 83.01 49.62
85 9 19 1 17 100 65.13 41.03
19 4 36 15 14 13 47.83 31.97
1 8 40 72 4 2 29.75 38.87
13 12 3 2 5 1 25.67 1.76
4 17 26 10 22 5 99.25 61.68
8 16 14 1 2 27 53.71 8.52
6 2 30 1 19 15 71.37 79.68
18 5 33 27 17 5 39.62 31.44
36 13 18 28 17 20 93.37 97.44
40 52 4 88 34 1 86.65 75.83
2 22 18 1 21 19 88.97 64.34
1 15 93 6 19 33 30.94 21.15
2 6 34 24 31 17 10.37 93.44
53 5 3 1 26 9 79.65 40.78
82 5 7 4 36 31 63.35 91.29
19 4 10 28 1 40 25.87 91.19
17 2 6 5 2 12 28.80 17.40
70 2 61 6 5 89 92.95 20.90
4 8 23 7 54 1 93.49 70.48
17 17 7 10 30 22 31.95 81.57